6086
8413
7007
5661
1601
8328
7672
5295
9428
8086
8443
1914
5077
1469
8945
5327
7833
0527
3644
6109
3003
3636
7010
3067
4688
7808
4630
8606
8830
5889
9873
3687
3395
1277
1006
2813
0880
7317
4391
2071
5737
6091
7112
8812
5744
3642
2986
3371
3766
4492
4136
6033
4662
8451
7476
8402
3698
0787
2174
1605
1802
2187
1347
7114
7791
8661
6836
6426
1191
5359
4073
3172
8161
2207
8320
9547
6828
2908
4018
6151
1552
5252
9372
0559
4675
4590
2471
0457
3923
4732
6729
6186
6425
1288
9242
8757
6886
5056
2021
3116
0760
3741
4048
4946
4268
4902
1810
9247
0786
6987
7196
8979
9706
2725
3240
4365
3191
8597
6076
7335
1696
1959
0885
1301
3943
0159
2166
3244
8248
5427
2031
9195
8412
9823
2060
9995
6995
3124
9644
4032
5662
7637
2650
5912
3916
9342
1636
6190
9883
2214
0393
1161
7377
1718
9355
7436
8103
5434
8483
4264
3115
0654
2476
0608
2417
6774
6452
0963
0206
2382
8663
9698
6613
7478
7272
3554
5588
3299
3768
0129
0381
7457
0335
0347
8783
6257
0231
0669
2443
0847
3513
1966
7331
8488
5620
0831
0559
4882
4990
6454
1018
9516
8285
2008
3078
6551
1144
8935
1198
7057
4520
0320
5019
3277
9059
0119
4278
6868
5404
9214
0426
4492
2257
6540
2264
1297
3415
7947
1054
4195
4487
6662
3577
8685
7107
6326
7007
4510
8165
5163
9342
3384
7890
6390
2565
3855
1579
7867
2327
1807
0264
8843
2592
8602
5979
6433
2428
0468
0829
5346
2570
8695
8527
6769
9543
5097
3507
9235
4523
3068
1410
0931
7336
7149
6874
0264
8333
5345
6697
5750
0420
1454
1292
4112
7085
2420
5298
8656
7373
5063
0126
0438
3575
5627
8790
0443
1579
8610
4486
5511
0090
3871
6825
0121
7190
5200
2560
9134
3793
2310
2603
3811
7452
0797
2744
0703
2951
8414
8206
6503
5533
9469
2846
8222
2661
7003
8118
6325
6781
1474
0548
1788
7755
6889
4777
9318
4736
6066
2138
0637
3588
3669
7390
3802
1420
6696
7837
4093
5329
6372
6095
5541
6606
0224
6561
5174
7296
2872
1761
7131
0846
7979
5402
3186
3662
2082
6735
3728
5931
1777
6244
9783
0045
0216
9767
4707
9038
0597
7313
3021
6073
8434
2665
6691
6886
0027
9671
9497
5748
5710
0824
2082
6472
7983
3610
6933
4730
1748
2221
8201
0136
0711
9228
0017
0914
2586
8018
8610
3995
4184
7163
9875
1212
4799
0008
9239
5931
9740
9782
2307
5943
4069
1133
5214
0065
3254
8385
6253
9944
3945
9845
1543
9171
4241
4798
9445
1677
3614
0324
5137
8768
9641
9761
1247
1918
4624
3206
3708
9596
9810
8470
0195
7207
0147
4831
0219
9292
5582
0716
8746
6542
2215
2961
6889
8996
2629
3350
2268
2532
2100
5216
7500
4581
5732
7736
3971
3193
2501
3281
3331
8809
1566
7139
1007
8306
5592
3862
7835
1155
3625
7305
0420
6157
6672
5326
2121
5557
0758
1502
5033
1655
7793
9044
2732
6181
4841
5250
2721
3828
4356
4232
3124
2427
5416
0491
1288
3497
8993
2206
9772
9795
8461
7755
5455
5030
7771
3057
1004
0372
3396
1598
4652
7864
3462
6551
6168
8825
4898
3425
3613
4953
4789
2913
2528
5116
2169
4716
4308
8006
1108
5833
1974
5338
3742
9646
1419
1325
5576
5112
9552
9733
4482
5488
5658
6026
1677
6108
5282
3659
9795
9022
2847
1425
2571
8655
3630
9170
2455
9704
6125
3998
7000
3177
1717
0348
4856
3079
2224
2867
3446
7663
4047
4150
7446
6042
4235
0672
7523
3795
3050
1410
7208
3473
6551
2858
8777
4138
4050
0089
7303
7571
5238
2371
2155
1508
3563
4424
7961
0158
7344
8697
9493
4410
2955
9399
7395
0554
5820
3274
6565
3926
7872
1234
0705
9179
9285
7508
4569
3864
8747
8287
7431
3385
3877
2033
0631
3527
5618
4080
8935
8850
6053
7897
6243
6746
6059
6776
9737
0914
4365
7246
8765
5201
3043
1196
0558
2680
6197
2143
0203
1113
4100
1510
3518
3748
8151
8498
0828
9936
2004
6823
2258
7199
0395
5264
2688
6544
4195
1775
1647
6236
9263
9156
4509
7423
6900
0106
4923
1729
5568
8888
9361
2621
6477
5316
5474
6360
8516
4992
4664
7816
7124
1291
8680
3130
3982
3275
1384
0852
1212
2917
8655
3496
6729
7448
2829
0749
2483
6127
6191
4508
3671
4683
6620
5944
9839
0043
6714
8525
3066
3415
5050
7959
0446
7750
6097
6617
2722
7288
1121
1623
3778
9175
5588
8500
7297
8920
7448
6705
7188
4306
7433
3186
1664
4501
9959
8166
2751
6223
4454
9933
5304
6969
9554
1897
3721
3757
8041
2007
1355
8706
4057
8750
6657
0337
6180
7548
0970
2999
6187
1182
5359
6883
9081
0177
7757
9448
4018
0528
5317
9534
1157
7166
6266
1372
0823
7288
4713
5996
4708
3898
5417
2610
0453
1551
6341
1519
4091
9432
1992
7758
3768
7189
6278
1219
8461
9870
0466
6792
3685
7712
1040
7394
9452
1336
2283
6042
5169
3848
0466
2984
3760
3405
2960
9132
3117
9622
6255
4795
4330
5232
7558
1389
5106
6468
2781
5833
8497
2569
2993
5100
6610
1199
1885
0069
9553
7433
9571
9403
2600
6256
2034
4827
2585
6996
8882
7701
9178
5429
6423
3977
2447
9170
1300
2704
8508
4681
9629
5671
9981
6663
8586
6876
7622
7551
1136
4465
7003
6557
5352
9163
4542
9114
2281
8685
5139
2904
8271
2102
2204
5707
9478
2355
7209
2118
1163
0781
9242
1782
5071
3912
3599
0656
8253
1409
4426
5158
8116
9978
0516
4674
2011
3708
7539
2443
0831
0681
6486
7879
6837
4553
2813
0527
1224
3711
8796
3888
3724
2046
8869
3288
5085
4988
0175
0335
5642
3573
7836
2524
9240
5914
4807
3722
0014
1655
0174
3583
6378
3291
5090
3546
9428
2999
1827
3079
0205
8397
9359
8860
9821
6735
8176
4762
3051
8526
0321
6006
5917
1598
8588
0077
6660
6051
3996
4073
0380
0240
3581
2198
5976
1164
3573
6803
3523
2377
7242
0075
0487
3912
9864
6736
9191
9617
0781
2136
8337
4198
5083
6340
3060
1976
9472
1929
9573
4813
7502
5127
2109
9458
9087
3318
0117
5794
1033
6021
4274
5653
2520
2687
7641
0733
9428
8716
7618
3203
4637
7881
2120
8203
2953
0357
7735
2556
0357
0663
0320
5747
4935
5480
1009
6417
6730
0167
1729
3771
9198
8144
9114
9162
8727
2856
4683
3512
9375
6774
1577
2885
9549
7618
3745
1432
9805
4336
0108
1614
1602
9751
8297
9303
1542
0728
1027
9953
6270
7641
0231
0348
1508
6103
2127
0465
3433
6725
3824
4771
2792
5958
3410
8277
9097
0529
7314
9819
1475
9193
1272
8877
2505
1822
8415
2014
2703
4265
0679
6352
0207
4757
5841
0431
1213
1848
8747
8094
1437
3324
5672
7794
5055
7204
1320
7625
3260
4697
0251
9603
0735
6617
2668
1569
7504
0170
4121
4456
2509
7873
2084
8032
8607
6653
1182
8287
7749
7130
5190
1478
2377
1612
8267
6377
2217
9448
9866
7897
3537
7929
6790
5917
8201
3160
4374
8370
3581
0675
3927
5949
9503
2482
3150
8837
3419
0082
3006
0464
5826
8663
8498
7282
4314
9634
6615
3996
4164
9958
7614
1317
6968
8311
1035
0341
5903
2681
7662
8604
3333
3217
2858
9325
7561
7254
9516
0925
5915
2204
9987
9298
8644
6056
3165
3762
3844
3350
5451
2789
0368
4538
5445
9224
8019
5061
3420
4180
3129
5856
0936
8016
9597
4030
3217
6852
4148
1091
6682
9130
1064
2231
3963
1566
7563
7381
3425
1655
5659
6772
2875
7990
2896
7276
5410
6763
8672
7833
6368
4310
0341
4052
9500
6066
7945
5284
7140
6078
3542
8293
8479
2904
7762
0775
1442
3752
2359
1551
8610
6567
2467
1880
1916
8388
9014
8298
7891
8810
4874
0088
7696
0066
0513
7285
9678
1289
3235
9679
7148
7747
2904
4452
5129
1587
2779
8386
9872
5553
3780
4565
2018
6897
6484
0687
1294
3758
4185
4360
1865
3193
1836
6435
0196
1098
1099
2161
5414
4141
5587
0200
7246
5989
4532
8080
9360
2829
4353
2389
3247
6987
2950
6595
0661
3977
7962
8374
6953
2708
7507
8781
9914
1358
8994
9138
0520
5459
5403
7155
3392
9148
5228
0085
4780
0656
9965
6659
8073
5067
9985
5370
0897
2830
8293
5654
8903
1346
5981
8743
0289
1932
7011
0252
1045
6959
3359
3178
7584
7068
1469
3379
2274
6877
3537
6279
7231
0096
9193
3669
6482
5755
2001
0034
3150
4609
6671
9632
3016
2923
2015
2894
1317
8528
7691
7075
9906
2104
1438
0234
3101
7589
5881
1302
2958
3844
1694
6780
8654
3767
2383
9922
9152
3722
9334
9563
0118
8048
2692
6530
9558
2718
0219
5897
3667
3392
7128
0112
0218
4862
0453
2810
6806
6149
2300
9266
4534
9536
7658
7610
4363
7383
3997
8248
5177
7250
7810
6855
3516
3224
8402
8430
5329
8612
7977
0787
3154
4520
0942
3515
3700
0396
5659
5819
0593
0505
6997
7312
0098
3269
5216
1773
2581
2232
8390
3961
6961
6851
0939
5204
4986
7165
6575
5555
3943
0182
3330
9425
9624
9110
1071
9022
0558
9232
0439
1018
1894
6115
7356
9484
9895
9771
3228
0237
4613
4010
0571
8019
2535
5997
6639
0222
4215
9717
7707
6753
0336
9462
5008
5929
2969
6146
8246
3089
7713
9720
0539
2731
7045
6414
5921
7451
5374
0736
5464
1194
1873
3303
1994
8308
5227
6496
6880
1010
2243
7137
2728
9879
4012
9517
7637
4382
2485
3335
5353
5334
0783
0014
8938
4738
2148
5037
2080
9615
3675
5271
7292
4468
6324
5349
1512
3096
3468
5514
2807
4936
0308
8577
9324
9281
7325
0440
2967
7879
3363
0144
8731
2739
7911
8048
0229
9053
1439
1452
8109
2067
1196
8252
5961
2928
3359
2872
0219
9915
2334
2519
7816
1605
6080
2250
2467
0454
8457
0859
2820
8016
9269
3111
6600
5916
2307
1444
9234
1955
2509
5084
5868
3389
4957
9998
8290
1266
9266
8439
8578
8237
6187
4427
7590
5309
8547
8228
9636
4846
1442
7455
7140
2109
9926
0900
0601
6119
1580
1895
5966
2235
8397
3583
1039
6892
5676
6953
5537
3505
3406
5388
0453
1152
3232
0472
3421
3956
7769
2727
3787
7570
1806
9685
7509
8316
7998
3939
0598
2804
8573
3738
9876
3809
7131
6400
0756
1578
4073
8885
8842
0533
7992
9146
0523
6184
7813
6322
1787
3510
2202
3248
3693
9108
6871
5725
4676
2468
8549
6582
7174
3807
1676
5669
3748
4952
5349
8185
1441
4348
4796
4938
7783
7924
8158
0495
5652
2791
4315
5325
8936
3921
7230
9583
1930
6001
1532
5678
6417
7420
2733
1559
0005
6396
6936
8984
6514
2569
6221
0355
4922
7264
3933
2009
6341
8970
3201
4837
3503
7707
0778
0025
4738
1421
0025
1791
9358
8969
2463
4515
9733
6312
9355
4124
5024
9175
9257
6221
3802
3652
6096
2293
2109
4357
4734
8616
1101
2319
6442
1764
4074
9904
1409
3141
1960
7975
5873
3846
5875
3287
4527
2180
9954
5514
9937
1131
7955
9432
4144
1124
8451
1300
3893
9529
5648
8697
5779
4946
8917
7117
2315
9584
0704
5780
3742
1077
0486
7417
9997
6934
3121
9641
3378
9900
0268
3438
6332
6722
1739
9275
7467
1913
6120
8436
9010
1898
3393
2287
3837
3763
3553
5771
0717
8073
4472
7921
2882
1008
3999
9064
7331
9655
9874
4366
5310
9340
0253
5655
3598
3731
5846
1588
4203
2351
7717
6280
4119
6465
8838
0039
9471
0445
8701
9585
4217
2459
2166
8955
4069
5914
9031
5624
5870
8644
8004
8324
7167
4140
1549
5768
2915
2503
2264
0367
3687
6907
2183
1316
2004
1148
0245
4022
3959
7685
5290
1020
0073
3568
9425
2144
3519
5151
0880
0271
7366
2337
1189
5426
1465
0351
5064
6887
6789
1715
9524
7612
6239
8985
3785
5164
8189
6214
9810
8140
8573
7965
6945
6326
2346
7584
3149
1990
5737
7233
4806
5917
3215
1269
4189
9770
6534
6896
2766
9105
9194
8765
2740
8413
2874
6133
7603
2775
8976
8309
7665
6892
4377
5400
9280
6867
7541
2415
6887
1293
8835
4658
4095
2740
4649
0908
3580
4441
8450
2345
0987
2581
9503
1139
8255
2774
6239
1047
9424
2508
7232
7956
4586
0572
0733
1952
6511
5333
2694
0259
8545
1957
6078
5992
2998
9765
9994
9770
8354
3439
2787
3847
5834
4059
0110
0341
0255
8597
2014
9913
7781
3271
3540
0437
2175
4781
8039
3103
7898
6244
1216
5700
2046
9470
4760
0853
7285
4752
2640
7424
6449
6767
4449
1011
3857
1619
9968
9959
6403
6048
8246
0617
4788
7469
2212
5565
8158
2329
3655
9235
4490
3774
1302
9306
6788
4328
0905
6363
9145
5010
1545
2310
2233
0395
7830
0619
8933
4321
2663
2521
1285
9045
8725
0488
8968
4367
6406
3695
8545
7956
6319
8017
6076
9813
9126
8651
1826
4019
9204
0334
9034
2163
0901
3091
4696
9344
1472
2002
0950
7338
4507
3581
0538
0574
8622
9649
2128
2705
5420
8489
1896
0217
9951
9795
6222
6882
7253
0235
9734
7125
5827
4268
1724
8853
4442
6069
4606
1797
0201
5892
9442
5483
1466
4347
1356
5821
6523
5490
6006
1144
3473
9168
7849
7660
3195
6934
4000
0455
4864
3342
2407
0886
8853
2665
4391
0400
0294
0934
4713
4454
1541
5468
5213
9606
9921
9922
9204
3714
6435
7613
9421
5905
4918
8491
8602
0620
8717
2352
0870
2629
5815
7988
8577
5366
0636
6109
6195
8226
6486
3209
1727
2416
6694
9144
2123
5177
4200
0189
5862
2337
4715
3200
6194
7644
8927
0982
2634
3897
5891
4395
6727
6620
6851
0030
0041
5467
7352
3907
1127
8491
2498
8322
0482
3975
4776
1099
6822
4798
2552
1948
3379
3460
6961
0591
5723
1005
8926
5112
3718
8530
2690
8420
2414
3286
0903
0436
8659
4277
7574
0815
8223
8990
0379
5760
1562
5814
1321
6130
3328
7852
6245
6709
4135
8223
6792
6008
7478
2946
8965
0233
9888
1873
6397
6291
8515
1669
8705
5501
1890
6600
4086
7000
9774
8461
3555
9049
2045
0333
2569
0121
1141
2050
6559
7148
3026
4770
2948
3304
2703
0086
7444
3162
4354
1397
3378
4129
6004
0813
0034
3921
3859
0816
2413
1690
5856
6345
4210
4913
7477
2141
1790
5509
0092
2580
5652
8569
8085
0101
0326
5936
3213
9504
1391
5069
6366
5384
6775
1776
8347
4766
7433
2214
2052
6657
1907
1437
6441
8376
5718
3413
3740
1414
7852
9931
2033
6167
9997
3542
6768
2078
4750
0332
0825
5904
4415
2885
7402
5943
3994
4480
2585
6672
2144
0816
0212
3275
5742
5551
3689
6714
6453
0613
5432
5263
4543
8733
7539
2154
6476
4521
8702
1613
2861
0164
2355
8269
0867
1741
6510
5978
9275
3087
0543
0170
1342
9101
7471
5490
0271
9138
6854
5581
7267
4538
1571
4474
8807
2352
7756
1567
8734
5142
4231
4144
8374
4766
2546
2216
9529
2211
7292
7470
9818
5662
2753
9642
9280
3787
8216
6606
0402
7692
8537
6667
1776
5246
5577
2264
4054
6675
5064
5294
4895
0742
9412
1387
6475
4568
0295
1929
5831
4132
9406
5429
1141
1025
0193
5753
3084
2432
7477
8491
3956
4093
7400
5977
5284
0763
3690
4573
0492
4904
5273
9239
8061
1180
8741
5472
7125
5428
5820
9870
4311
5739
2818
1026
8110
5521
4145
4049
9357
4290
9683
4249
5757
5385
5508
2877
5703
7748
0006
0362
9464
1482
4389
7789
9050
0508
5369
3249
2810
1593
1870
8309
0974
2692
0200
1275
8109
7926
8072
7984
2390
7109
4872
8781
8508
4376
3533
3084
5789
7643
3055
5801
9980
5290
0624
2345
7403
5746
1456
5998
9983
0690
7256
2779
1157
3124
9328
5975
6754
7656
7147
8760
9063
9305
2825
5885
2937
6760
3931
2404
3243
4397
6047
3763
5859
4458
3544
5605
4814
2728
5410
4315
4668
4985
5156
3209
2162
9083
3954
0220
8868
0269
6628
0509
6865
0454
5218
7168
1683
0545
2702
7411
4673
9854
9928
6488
1713
8821
7500
2243
0626
3762
9362
7688
1230
9422
2357
7473
9203
6624
2976
5109
1870
9978
3995
7179
4939
6072
4882
6078
3862
6689
6685
8999
1420
0054
2562
8601
6186
5524
0292
4179
5867
4924
4706
2809
8860
4253
5412
4660
7632
3787
8952
8504
6100
8583
2014
1795
6755
9527
9434
7967
0778
8247
1598
3784
6698
4152
7563
3580
4382
1637
4475
6776
2825
3700
9613
6990
9836
5008
8497
0893
2635
8493
9652
7946
5770
6397
1456
7335
2480
3563
9826
2695
8544
8353
0032
7943
9513
1082
4753
3978
1713
8153
9111
2685
9840
8726
8635
2823
2477
3217
8090
4964
0446
0733
7044
2599
1184
4150
2210
7714
2433
8430
8623
6378
7616
3946
3945
7574
8317
0915
2028
2983
4437
9879
5978
3856
3223
9561
9569
2798
9001
4557
1853
6932
9398
7721
3686
9050
8374
8238
7824
4302
8704
2860
4809
1892
9497
2892
1057
1878
9474
7543
4850
2912
7704
8913
6444
2782
6006
4508
4131
9599
0771
8261
0571
3030
1688
4294
9470
6345
3068
6454
2468
4699
9722
3393
9847
1531
2909
3637
8244
3547
0178
1264
2397
9443
5800
0340
0899
5184
4816
9265
4062
7242
7669
5169
7397
3050
2764
5549
6152
6023
4074
8798
5410
5129
0834
1392
6009
7927
8338
3579
9886
9675
2495
0797
4817
3697
6037
5587
9583
5052
7645
6328
8282
1025
0502
9435
9627
6272
2514
5260
2432
8616
6902
9155
0741
7660
3010
2487
3546
5330
9247
1412
8232
1460
2865
3204
2510
0527
5893
1770
3262
3352
6837
1283
0592
1514
9231
0717
0270
6418
1672
4038
9130
2994
2712
2001
3014
9388
9741
8023
1462
8760
5940
7574
6774
1604
0716
8414
5944
2155
8046
4694
2138
3238
9616
2360
9354
4303
6352
9731
1167
9531
2189
7164
7962
6088
0880
1574
0315
3809
3382
3756
0500
8103
4240
7391
3285
4691
6048
2773
8057
1590
0366
4760
0788
0857
3479
7409
2623
1835
3916
2733
0854
3958
3444
6230
0869
4744
5576
7848
7008
6538
7895
5934
4436
9567
4685
9649
1709
3130
0386
5945
7141
3794
7891
9620
5632
4900
0356
8752
7285
4677
8192
6360
0304
6275
5645
8797
6330
2399
5060
7000
0147
0457
0677
8201
1961
3924
7573
4636
7554
2003
7568
8353
6682
1670
5751
8733
7877
2707
0652
7063
1910
8323
3328
9287
2192
0771
0060
9345
7233
2715
1693
9568
3525
7355
9959
4285
3814
5596
9911
9146
7756
1701
0203
3347
5820
5438
3364
9624
0193
4010
7531
8578
3357
8165
7943
3532
4088
7259
8091
0379
1438
7723
3588
3327
7785
2234
6257
5350
1101
9963
0455
0507
0107
6934
7697
1884
5743
2199
1948
9657
2130
7889
7607
5025
7404
4813
7167
4059
9053
3819
3954
9507
2573
8899
8159
5445
9533
7486
8584
7136
3055
6717
2014
0243
4264
1798
4802
2094
5832
4495
6715
0673
7886
0557
3734
0179
2622
9829
5907
0188
9784
8732
9769
3202
9668
3748
6620
6866
3719
5693
2181
0087
4984
0452
0186
2127
2917
8369
7216
3441
9323
3559
8271
6806
1619
9755
7607
9867
9177
0737
1175
9493
3019
6721
4743
2893
6169
0246
8317
3538
9105
0085
4458
2641
0013
7196
4925
8217
6015
1643
1167
2672
5519
5781
7386
7725
8589
9643
8918
0135
0350
9933
5494
2682
1547
3898
2531
3016
0750
9892
6222
2208
7456
6844
9636
1554
7554
4291
5600
4204
5426
0359
1755
6391
3674
0852
4648
1252
8264
7276
6482
3429
6297
7203
9331
3840
6921
9381
1023
6438
3775
6298
9039
4790
9581
8642
2926
3170
3058
1189
3609
2974
1448
2059
3210
7799
8052
4684
3079
6356
3536
3581
7121
4197
4491
9665
5438
3892
7223
8874
5537
6394
5316
9647
2782
8303
7022
4608
9746
2849
9391
7432
2497
7373
4413
0444
5178
0518
7457
9258
7293
9946
3360
8704
5663
5885
8908
9173
9368
0090
6049
3688
1635
5542
8659
8727
9775
8613
9956
1898
7239
0405
5030
8740
6634
6437
3719
6444
1251
5368
2021
9066
6205
2302
6216
3413
3748
0959
1121
8047
9845
4082
2323
0734
3288
6107
4246
1951
7042
8894
7850
1359
1606
9196
2159
6427
3197
1412
2021
4233
8463
9424
5332
6729
5365
2145
8075
4918
3841
9205
8392
0971
9086
9102
7546
0924
0945
5927
1063
7113
4197
2715
9476
6235
7177
7776
4223
3251
9758
7956
0523
6913
9359
0220
4360
4387
6872
7920
5393
2216
8506
2939
3796
2951
3003
5222
4767
7771
4418
3485
1472
1100
1284
9992
3690
5356
2379
2463
7111
4246
0004
3695
9752
8182
2783
9805
1363
7885
8958
3915
1330
2274
2558
5868
7407
2485
1439
2542
9364
3522
3711
4293
4789
7008
6655
0890
1004
4684
9009
0245
5685
1470
8055
1965
7598
2304
3728
2037
8527
7301
7945
2033
7204
8124
3789
8131
1089
5069
7079
9755
7426
4611
1554
1432
2416
5134
8729
1737
1647
2359
4083
3135
7512
9859
3347
5132
7537
9310
8580
8938
6426
8828
7121
8725
1257
3948
7955
7680
5319
6797
5665
2158
7802
0201
6199
6091
6359
3282
6533
9489
9094
9245
6152
7891
5760
2673
1981
5864
1331
6090
0489
5579
4816
5468
7956
5243
4925
9418
8578
2775
0353
7949
3114
8549
9962
7921
4322
6356
4168
9213
2287
5492
9927
7541
8731
0962
8538
0610
4297
8865
8146
3727
8623
0972
2747
8120
9214
4036
0248
9865
1933
1868
5464
9419
7848
7122
4783
5163
7880
1984
1643
1479
1591
7181
0414
4151
8224
2180
0148
6066
0404
3383
8643
4211
6664
5188
4637
2778
0563
9231
5535
7970
6194
2751
4648
1037
1382
9757
4056
2787
5270
6188
5732
2627
5281
1916
3735
1364
8864
9415
9105
8671
5736
0185
4110
5666
0276
3849
8336
9321
6003
7602
5184
6113
6554
3446
8536
1163
0438
8886
0707
8729
5410
1900
8021
1765
3879
7820
0247
0792
8784
1871
7381
7685
5399
4415
4036
6660
6123
6643
7902
5173
4258
6266
8474
1009
7537
4131
2126
4509
3541
8759
2057
5066
7040
5223
0276
6292
9781
2841
9321
4597
1362
6544
4341
3900
4906
6082
3861
3817
1519
3069
0613
0085
8054
4282
4255
2067
3169
1882
4075
5259
4016
3011
1427
1689
8168
6075
3157
5518
0949
7467
2725
9791
4857
4322
1349
4448
0571
4272
7063
6998
8638
0491
9561
0095
5803
9502
5315
6949
4930
4356
1075
4201
9375
2209
6111
4704
8081
1479
5821
8125
2889
8601
1545
7574
1256
9413
0560
1589
9069
5839
0690
1003
7771
6384
4482
7188
1101
1257
3594
4765
1909
9062
2964
6779
4321
5069
1182
2408
1164
8205
0781
3884
8583
3501
8335
1548
1323
3419
0383
8817
3240
8971
1574
1965
8878
9336
5066
5255
0830
6190
6600
0499
4376
8590
3541
6531
3513
7655
5217
5564
9719
0990
6779
6739
8625
2904
9772
5295
9941
2180
3748
8742
2194
1176
2220
9934
3428
8135
5181
6776
9554
1589
8491
7070
6784
5042
1454
4883
4141
0819
8144
6124
4830
9987
6505
0657
7062
2254
0543
0304
7433
6562
9356
3874
0168
2258
2728
7712
3997
1906
3597
4374
2129
0149
7527
6641
3021
2512
7492
5421
3148
0011
3695
1029
6543
6924
0995
6824
6343
2821
7670
2889
4255
3619
8163
9577
3432
9693
5579
9721
5327
5493
9762
3239
8147
6319
3688
5454
3727
5088
5325
4643
4330
5733
8216
3698
5687
9358
7659
0247
7506
0331
4969
3939
7388
9871
3538
8659
7297
3901
9711
9641
7344
0065
7776
5034
1952
9653
2731
5169
0020
4552
2102
1243
5820
5488
4136
2747
5253
9424
1625
4642
1061
3135
1080
6440
0379
6582
4761
1336
6967
9336
5722
1574
3562
3240
5219
4397
8438
9728
8546
8986
0321
5258
9299
1339
8532
6763
6998
4234
3489
0290
2485
0566
8906
2977
0514
5798
8320
0108
2993
4366
0775
7744
7660
5615
7603
4672
4017
2603
3139
2831
7892
9618
8444
0914
8617
6979
3291
1056
2214
3583
3411
1891
0033
4635
9883
3178
9496
5219
8546
9457
5728
0951
9847
6161
0916
9648
0883
0928
7870
5332
1291
6968
7435
0418
2312
1693
0986
1885
4520
2171
1079
1153
2933
4884
5903
0956
4606
6438
2418
4651
6290
3893
7997
3923
3706
1646
0658
1660
1424
9112
2646
6327
2204
1024
2779
6534
5661
4538
4185
8449
5443
2186
5258
0485
4789
4975
9971
6503
8909
7231
6256
0436
7856
0766
0170
5542
8246
4443
4465
8053
0650
2395
3917
5616
6084
2890
8938
0531
5975
1697
4800
2561
4883
7735
7033
6433
7363
9523
2135
2365
4586
5963
4662
8866
8369
6929
1376
7722
8001
9199
6867
3353
3587
3731
6549
7064
4076
3016
9606
4608
6418
4574
8602
4343
9846
5548
3551
1046
5918
8922
4927
5578
2289
1171
8645
4022
1340
1690
2112
7343
7314
0140
5082
6726
4716
3854
6202
6819
0572
7003
5677
1847
6371
7879
0759
8457
0033
6082
8591
7057
6839
1157
9245
2077
5006
9463
6610
7688
7817
3456
4598
6595
5179
2034
3448
7364
0413
8207
2766
6086
7827
6127
6783
4372
8092
4116
7511
9215
6410
8598
3853
8908
4178
3296
4965
7800
9085
0234
2589
9081
9293
0123
7093
6302
6011
2427
0035
2176
6773
1420
6007
7583
5123
6233
6420
9969
0752
1851
0069
8727
4672
7816
6274
8358
5213
6078
3429
0044
9808
5082
4210
2017
3717
2747
5557
3934
4254
0733
5530
9052
0816
6062
8695
5565
9716
5557
1771
9633
9615
4512
3685
1743
8450
4382
0125
1410
5622
5674
5895
7693
3542
6461
4175
2724
4759
5274
4877
9013
7722
7630
2423
8187
2240
2387
6582
4860
3990
3636
5582
3635
7005
3655
5534
7289
4460
7664
3872
9294
0384
0006
0793
0534
4582
5968
2449
0254
1282
9852
0581
5799
0126
4356
8925
4489
6117
7997
6252
4361
2987
8139
8212
9605
2298
8715
5374
3661
8905
3006
0728
6874
5432
8307
0249
3895
1866
8981
0789
0399
6887
0345
0692
7216
9484
7557
9754
2004
0721
2572
6797
3440
4843
7588
0051
0027
0647
5251
7802
1555
6047
0026
9518
4050
8598
1542
7525
9533
8062
6205
8741
5219
6318
8961
6566
0122
9029
8667
0178
2608
6594
3575
5735
9836
5332
8342
3377
5701
5276
2997
0668
4171
4165
8499
9224
6113
2766
2561
9747
9740
2860
8026
6327
7737
0572
3276
7472
2871
8173
1432
7545
8817
5364
7216
8076
8783
0236
2958
7930
2508
4486
9891
3531
7489
6279
3730
5614
8974
3372
3519
0427
1547
7248
8112
6191
2245
8462
9818
7748
1303
8230
1122
7447
6190
6821
4424
3288
4132
3109
5870
5828
2639
3403
4119
2599
0601
0732
5009
5364
3415
9768
1414
8953
5536
8946
7647
0918
3344
9240
8321
4407
8442
9335
5363
2317
6687
3023
5507
2039
9945
3227
5907
5691
9098
7663
3677
2283
8409
2153
2362
2057
1759
4048
4119
5292
5070
3562
4510
6569
2304
8391
8163
2103
7384
5712
5880
4471
4503
2440
4269
5689
7139
4672
2224
8125
4792
4266
8531
6211
6823
4330
5033
4742
8833
4437
9092
1445
3109
9264
5107
6894
2147
3988
5878
8807
1027
0664
8767
2264
2758
1055
0747
1506
3080
1898
4597
4083
3718
8441
5839
8720
6117
8900
6361
2193
6815
7230
8680
7640
5685
8204
2833
1387
5575
6299
7616
6187
4437
2625
9815
6446
2112
3148
1799
5380
5491
2889
9413
7131
9242
3406
2315
5120
9111
2907
8119
0883
9539
5887
6308
3085
3817
9666
9456
0024
9920
7653
6581
3826
8440
7501
0408
1015
7987
3338
0680
5961
0376
0181
2259
5368
5888
8898
7237
6239
1067
0924
9717
5801
1123
6506
3816
4522
9319
6005
5130
9758
3172
7385
6589
3767
8414
9123
9192
3731
4265
1459
9316
3335
2694
5816
7479
0234
3938
7483
2331
7950
7604
2805
5729
2585
2676
5407
6765
6117
0660
4504
3795
2870
3353
7709
9620
6402
6251
4217
2583
6262
3758
9139
9873
7061
3552
7378
9882
4699
0383
7859
9254
7049
5907
6955
6763
7122
0187
8727
7316
1778
3346
2347
5494
3412
0302
9832
1066
4790
5873
0266
0059
9387
0657
5476
8880
0831
5154
7701
8565
5359
3234
2496
2133
3083
2384
6697
0913
3385
5430
2971
9273
1529
8772
2888
2975
4276
8375
8093
0534
6829
9250
1554
0238
4954
5022
2698
5793
5492
4217
9527
8652
5154
2471
0035
7832
1954
1439
9345
3299
0540
1606
1157
2723
6664
3746
3281
3865
5848
1101
5720
8392
2758
0606
3154
0772
2354
4606
9939
8445
8894
0079
8934
3970
4864
6108
5170
2779
0591
6212
2052
0956
1864
2736
3725
5872
6963
6335
9620
4438
4441
1882
0904
7087
5047
4691
0702
9811
1967
7059
0781
4104
3553
9497
8094
9506
6097
8225
3054
5250
9480
6163
1903
1657
6022
2782
0067
8607
5086
5451
5689
7504
5278
3568
2200
1245
3895
0847
2191
4129
4937
2795
1318
3598
0521
5423
0181
2746
7563
4723
9973
6953
0400
0968
8622
9624
4568
1775
2037
6744
9691
8387
9302
8544
8307
9281
6304
6332
0240
6724
1803
5114
3548
9902
0984
4864
0676
8178
6647
4997
3061
7785
3481
1452
6333
6683
3432
2809
7501
5784
1215
9852
2558
8843
6901
4600
5496
4935
8255
8194
6879
5666
5204
8442
7466
1384
0663
1956
4166
4544
3678
0944
0557
9231
6190
0105
4917
1064
0087
8452
6672
7815
7652
4322
3665
4010
1892
6887
4335
8686
3632
9847
9434
5321
8137
5469
6150
3532
6040
7231
0281
5694
5839
0795
0742
3432
6805
9638
6811
8771
3254
3095
1569
9866
2957
1574
4590
2792
0209
8281
7861
7352
8105
7087
4052
6013
8388
1724
2690
7238
6249
8025
4681
3288
0802
3437
7454
3981
7550
0586
5053
9194
2073
9200
3832
6701
2044
9415
6963
6468
0254
3806
6385
4838
9763
8314
9032
5922
9830
5949
6463
7309
4213
3994
2140
6665
3320
5365
7073
2918
7868
9018
8160
7663
9087
1538
5847
0761
6361
4980
9004
8740
7465
0732
9145
1628
9053
2170
5696
0470
7875
5411
8621
7001
8746
0649
8252
2821
0419
6885
4799
3687
1543
4988
1104
7024
2195
9288
5717
7905
8996
3025
3159
2799
2931
1582
1729
3497
7073
5043
4099
2137
8707
2620
1830
9266
3772
6560
0925
8905
6591
6674
8178
0806
3229
5696
9476
9625
5607
2128
4547
5165
3496
8209
2270
2757
7909
0816
7999
2261
7948
9461
4493
5897
8751
9250
3972
5082
4623
1108
1197
4549
7782
9058
1040
6558
2122
8922
5038
0020
6968
6510
2077
2484
7966
6764
4865
9305
5811
3069
5510
0244
6199
8158
1453
3770
3261
0849
5223
2611
9777
4067
0216
7062
0584
5884
1235
4936
2443
3810
3763
2517
9272
1174
4108
0623
6618
5239
9292
8615
2841
9977
9183
4286
9042
4372
0061
8548
7342
9551
9142
1797
8294
1713
1222
7368
1951
3208
0381
0078
9348
6100
0101
8130
0982
5366
6277
1124
6868
4352
1601
3900
3035
5794
3638
6401
2600
5669
7696
3333
8416
8392
6199
4209
5292
1615
0815
8440
1479
3049
0269
3638
9110
9432
5251
2629
5174
6720
1484
9806
3688
9398
8188
4868
4805
1991
7942
7619
8516
7685
7286
2103
2689
2432
4775
9529
9171
4297
3863
4494
2100
0380
9735
6704
7361
8162
4457
5428
0199
2707
0176
6562
1632
1090
2396
9890
2777
4172
5422
1189
8576
8758
6458
0164
3190
0415
9324
2570
9185
7196
5942
9187
6220
4257
1308
7781
9959
1635
6924
4185
1344
4048
3574
0584
8954
6580
2112
6472
2781
3034
1392
2817
6203
0552
2244
7304
7559
2987
6020
3150
1712
8860
3106
5957
2299
3979
6218
7392
2596
6780
8186
9144
3741
6993
1054
9660
0989
3823
2104
3021
0095
6053
3056
5510
5048
7605
5223
9525
0877
5376
9957
2523
9109
4943
3741
4367
2495
5721
4833
7523
0955
3679
8035
5293
3743
9098
4699
9898
2500
2242
1054
2501
3201
3725
7458
2684
4791
1442
0280
7919
0490
6348
9678
3409
9268
5904
7995
4737
5680
8549
5133
5439
9530
0124
0422
5298
5746
9709
7256
2383
8361
0125
9026
5733
5173
8398
7473
4775
7991
6331
5869
5388
9728
5349
6269
0172
0628
2267
7260
3040
3748
2752
1796
0251
7776
3497
8739
1767
7953
6840
4233
2210
7606
5071
8684
5117
1246
2665
9680
7249
0853
6137
9245
8112
4586
0686
2081
4651
3783
7379
2692
7297
7433
2633
3482
6769
8955
4346
1131
8102
1418
0871
0579
3109
3397
4735
8494
7326
7931
4036
9069
3946
9673
3268
6720
8015
3480
1063
4292
2028
6499
3898
7791
0578
7339
0180
1271
8967
7185
7277
2004
9887
7534
5869
6755
4331
0291
9571
1336
3482
2566
2026
5870
6766
9722
1060
4449
9155
1865
3999
6202
2864
5348
6458
6277
2676
4700
1400
6528
8863
2754
4988
1409
6840
9838
3695
0037
5889
8003
5230
7266
5553
9071
3263
9381
9121
9365
4997
5964
0456
2531
5920
9057
2691
6394
7196
5158
1711
0748
7300
0005
1620
6723
1293
9112
4933
5120
1971
7897
5673
9541
0764
8798
1652
4644
6121
2279
6534
1676
2919
1874
1908
4431
7492
3599
4311
6023
2080
4902
6778
3571
2022
1991
6171
7770
8549
5794
6398
5045
7801
3121
0886
1435
5080
2748
9673
4933
9346
3195
8555
2810
3020
3367
1693
9135
8061
7045
0704
6577
0335
0659
3853
8419
8037
1982
1576
1960
1675
3223
4067
1620
0361
3658
0017
8305
6678
1804
7895
3048
2067
4047
1575
9568
7028
9850
6703
7314
1273
5745
4740
8050
7529
0907
3021
9988
1270
2690
9665
2409
0463
2040
1172
5045
6497
3981
9960
8797
4941
6956
4020
6171
1228
5365
7138
6708
0519
0365
6066
2260
0678
6158
1955
2096
6286
0446
2012
5202
1889
4633
9612
7789
3215
1371
2223
5055
7919
0954
3913
5375
5456
7834
5167
3784
3998
8127
1902
0651
0777
0439
7548
0807
1578
2172
2838
8511
1153
2286
0209
0213
3307
9979
9506
0044
0801
2537
1682
5474
9390
9288
2472
6700
6771
7076
6412
7871
1883
3942
3059
8680
7422
7943
0469
7742
4579
3567
1569
0924
1288
8763
3592
2898
9693
5356
0360
0321
5453
8424
7579
3617
0177
4092
0234
7489
9321
6670
5534
3880
1777
2739
8723
2851
9028
3673
1879
7127
4203
8881
0221
4753
6416
8917
3962
4607
6791
4686
5956
1220
0823
8024
8796
1998
8986
6504
3494
1254
9731
4046
8963
9919
8977
3398
8684
9899
4913
9372
1220
0275
2270
9112
5846
7723
5315
0586
4231
2347
2420
8287
8503
9956
1271
2976
7207
9448
4285
3035
1230
8413
8381
3344
9462
8488
7851
8185
9122
8745
8933
5614
4254
6272
4762
9031
8204
2464
4109
9192
8782
1050
5155
7388
2096
0443
8421
3968
4030
9764
4310
0982
0177
0604
9804
1130
2153
0716
0054
9272
4868
1725
3242
2590
4413
5370
1501
6486
1695
7082
0735
6891
9403
1912
3524
1427
1411
8535
7821
8857
4349
0818
7835
3195
0794
3914
4638
0314
8617
4720
9134
8366
3398
5052
7680
0650
2277
3114
8046
1866
0115
8981
5141
7253
1207
5585
6900
2351
8946
0836
0025
1415
0982
7185
1360
7281
7693
5486
0200
4556
0644
4252
0595
1086
3099
7239
6373
1773
4217
2768
7743
6219
5261
9403
6402
8036
8168
7985
2994
0982
5307
2133
3462
3349
6095
4679
2470
9203
3175
2746
7214
9674
2647
1006
2827
4514
4233
1102
8195
5635
3847
2375
5237
2337
3727
7584
1616
7022
0305
6592
6270
5858
9607
1414
4407
3467
5496
9953
4400
3703
2091
8916
1351
9208
8806
9596
6553
3054
2074
4384
5481
5177
9854
7269
7044
9884
3114
7798
7687
5155
5688
4474
0963
1039
7001
9136
1868
3592
0387
6321
9068
8766
5615
9298
1502
3463
2124
9068
6029
2618
9280
3088
1863
7809
0264
1666
7534
9542
3312
7229
5694
3949
1130
1923
3042
4931
7313
6433
4001
2178
3730
3798
9658
6761
8575
4902
7785
1674
6893
3794
4096
1033
0035
0428
6714
6778
7127
2777
7369
9350
3703
9319
9331
1168
4823
2265
9611
8774
2733
6469
9488
3267
1687
4589
3692
6782
4985
3284
4369
8557
4710
8156
4106
2840
5249
4951
0550
2243
2483
6106
1879
5716
5209
3052
2335
3724
9878
1830
0457
5840
5265
4896
8823
6668
5888
5124
7020
0243
7056
5645
4069
0430
6783
9234
9587
4209
9284
0536
9049
5516
2304
9890
6898
4789
7510
2013
0932
5467
8147
3834
2098
3223
8874
8481
5406
2137
7755
2738
0782
9088
7767
6204
2051
1511
2187
2454
4805
8614
6699
2849
1627
5322
5672
3071
5574
8129
9211
1158
2982
2811
2579
6401
5871
2588
4381
3836
0807
0155
0190
1647
8645
4120
2012
2299
8050
1924
9718
4976
9687
6747
8620
7887
6910
4171
9509
0362
4853
7344
5880
8968
4428
3949
5106
7145
7268
6687
8188
3086
1642
2862
3083
6934
5122
5148
0804
7910
1616
0281
4675
1052
1589
6639
0296
4959
2314
3900
6895
0739
8701
4662
7460
7797
7206
6251
3393
8070
3900
5193
2854
4423
8424
1865
2516
5273
3991
1828
7118
9703
7192
0516
7840
6956
9646
2975
4317
3391
7227
4103
7932
1483
2134
7373
0499
8729
9883
9792
6698
8330
5612
7904
1794
4201
7404
4984
4681
4367
4170
6149
7362
2761
5346
9057
4444
7971
1118
2245
3437
4248
7403
4147
8410
1160
0420
9456
9513
2010
7877
4112
0492
9349
2350
6850
6836
7026
8426
5766
1200
7013
6523
1654
4134
2359
5305
1872
9271
1430
7949
0509
1976
1093
4192
5968
0513
2436
4203
0669
2602
4842
1554
8033
7510
1589
0969
2637
3016
0603
7048
3013
8373
0269
8788
2027
8308
5821
4982
6759
2599
9671
1874
2527
0046
1960
6156
1185
9361
2208
0924
9663
7946
6789
6379
0381
1850
9938
7900
5917
3588
7480
6264
7832
7152
1004
4913
6139
3493
9379
2887
1468
9229
3714
6443
6164
7917
9382
7823
0742
7756
7398
9923
0454
6579
6005
4330
2034
4593
5844
3513
5538
0181
5898
9204
3763
1688
4291
7041
0769
5208
7079
2017
4589
1177
4855
7191
4711
0602
9474
1621
3914
7748
1135
4031
2574
1230
6564
2500
2684
0713
0717
6729
7208
7052
0005
8840
6501
5612
4622
3319
6857
6501
5663
8435
0158
3500
0536
4372
6330
6981
8238
2336
2568
1361
2013
1622
7829
6141
1950
8459
2907
1451
6617
4713
5686
8083
8279
9260
1830
9568
8832
0475
3900
8709
0967
7489
3777
9322
4953
6556
4773
7959
5521
0192
6178
6723
4290
9234
3149
4403
2227
1803
3503
3467
0868
2093
6942
4358
3810
2482
8898
0944
2815
8685
3877
5703
6274
5718
1394
1532
6258
0557
6656
5722
2946
3659
5321
2768
5963
7283
3913
2808
1978
7289
6522
8852
8607
4322
8445
2753
2037
3461
6762
9014
2226
5665
9228
9587
1157
1543
6497
1214
1837
4620
8904
7194
6215
9611
3353
3518
6562
3375
9311
6448
8039
7871
1512
8648
7434
5849
1153
2685
3972
2264
6702
0896
2967
9099
9933
7842
9570
7364
0846
5387
2132
6417
2006
3539
2653
6364
0367
3961
7280
3996
8100
6413
3811
9506
2221
0190
9196
5490
7784
1643
7036
5607
0415
6386
0261
7079
4998
9007
6979
6198
3629
5025
7977
6349
1132
8553
8195
4345
5719
3111
5287
7614
4682
2717
1732
8510
5459
2924
4405
0430
8238
6147
4555
4048
8433
2532
8727
9498
6632
8126
0506
0869
5096
3035
1759
1114
2840
4532
5033
1092
0950
9050
2771
4093
7171
8229
5122
6533
4056
1403
7385
8228
2035
7762
8663
5021
2963
8608
8273
0771
4258
0027
3844
4456
8323
5515
8117
0800
1630
5106
6902
3230
4796
4796
6255
3343
8071
6161
5117
2147
7608
9161
0332
1868
1113
5897
3734
6282
1335
1442
0336
2266
0210
7766
5652
0273
0972
4822
7859
9403
2851
3824
1727
0365
1958
2295
1951
0336
5445
2514
3909
0491
7157
0667
4376
5237
7170
1234
9023
7001
8446
0178
4330
3721
7279
3382
9416
3807
6931
9528
4617
9246
1668
5100
7810
2785
9376
3385
5916
4502
3669
8970
9814
1481
5109
6623
1965
5944
0866
1883
7552
4870
1266
1576
2198
1670
2116
8666
1466
5555
4949
0552
2315
9889
8467
9465
1696
3854
2659
2448
2622
2386
0816
5949
6086
3402
1606
1120
8281
5091
8280
8858
7044
7469
3156
9660
2524
2359
7935
0070
8114
9103
5427
3520
9577
3747
1200
2751
7106
3612
6592
5386
8221
6246
7438
0405
7907
5050
7124
7168
1558
2397
7960
4508
4305
4033
5392
3798
8341
6548
1039
9167
4484
9988
1799
8953
8397
5588
4541
6680
2948
4121
6857
1061
1920
0625
8635
3158
4021
3545
1663
2764
7230
2909
5405
2346
0029
3429
5243
9684
0986
2772
0457
9474
5920
0537
0267
3899
7919
7456
7697
5750
5015
8101
2523
4613
3343
6551
0953
0210
7144
6552
4853
4172
0301
3941
2955
8672
7100
2051
8689
0448
8849
6384
1935
4327
9735
0604
8699
4581
1857
2280
8375
4675
4680
9236
1278
0044
4431
1902
3860
3042
8597
6955
1382
7029
4203
7170
0908
3470
5081
9209
9570
8152
4977
9824
4252
6395
0014
8438
1917
6681
7213
9334
1607
1417
2357
1614
9569
0496
6472
0692
3749
6044
6806
6511
8018
7693
0254
8855
9412
8778
1944
4895
4593
8518
8672
9736
2961
9229
4321
2473
1845
8610
1135
2345
6119
3476
2119
4941
4450
8699
7775
7869
3956
1639
2076
8430
9751
6967
0654
8700
9039
3359
5156
3061
2408
2006
9371
2658
4156
7253
5640
3486
0945
6250
6133
0751
5583
2263
8423
6923
8546
9835
1518
7619
3370
2799
8639
7084
4119
6773
1441
3202
4395
5686
8961
6499
4082
5436
2092
6146
2280
2007
3413
5987
8375
2402
0335
6916
6906
4080
9289
7836
0877
3818
6164
9038
6781
3004
2619
5622
2092
1390
7165
0948
2390
9287
8511
1807
0115
0704
1344
3648
7230
8051
1665
9327
5523
0366
8950
2690
1737
0808
0114
3278
4700
4006
8977
9772
8849
5184
0310
7080
6260
7593
7290
1024
5842
1565
9370
6251
3338
7908
6240
0609
9764
8948
5091
3965
0339
4937
6495
0094
3736
2621
5339
4745
7447
6851
9049
9199
6310
5735
7378
3583
4299
3610
3552
1655
3602
2363
9393
9669
0437
3210
1232
3664
1832
6919
2553
4539
9475
6393
1014
8178
7972
5657
1080
6943
1167
4005
9603
5045
2076
3016
8593
2519
0269
5414
4305
0819
8166
3631
4194
8295
3473
9450
0425
1451
9962
5896
6549
2692
1843
1346
6799
3199
1830
3580
3462
9056
8286
8960
2959
6656
9002
3567
1121
0074
4740
4917
4321
8003
8465
2451
7796
3686
7742
1794
9013
4156
8955
7070
3167
4773
4207
0287
1176
6483
1304
8610
9706
3694
8145
3866
4544
1588
5440
9849
0856
8175
5760
6090
9376
9101
7177
0803
6593
0411
5306
8958
6451
8467
7428
8230
9775
8236
2215
7920
7177
1714
9200
5537
3528
2502
2842
3945
9698
6388
2617
5858
1402
2498
6547
3171
6832
5452
5102
8818
6761
9282
5114
9228
5841
5988
8631
8472
2675
3820
3745
6424
2516
9689
5358
4824
1831
6966
0796
0039
5299
2662
1135
1000
0503
1406
7333
7907
9365
0593
2278
4521
3750
8259
6552
2602
4538
9815
0941
3915
4972
9761
1377
1691
3009
9498
1287
0193
8858
5493
3886
9128
8984
4705
2600
4299
3402
3741
8604
4616
5447
7866
8093
9780
3547
3266
5601
2954
5807
0129
3141
5318
3019
1804
4179
2652
4278
9944
9894
7665
1125
7831
3930
0216
2597
4237
6182
5997
5983
9087
9438
4001
0013
2910
5319
5659
0716
6671
8029
4512
6988
9151
2185
8097
5200
9305
4529
5669
0549
5305
7831
7382
6765
8144
0841
0771
5823
8602
5139
0225
3751
1541
4377
5232
9095
4382
5912
7256
3128
3020
2377
0150
3018
8139
5744
4930
6981
0193
1669
4325
1752
7425
7004
6964
8851
8168
4073
9039
1822
6376
7550
9363
3080
4777
1019
5440
8800
1548
7641
7554
6469
4671
8731
1970
2722
2921
3489
7031
1834
6253
6985
1958
6386
2424
9245
5923
4059
5451
7405
3576
6872
3147
5185
6114
7072
2222
3512
0599
2760
1115
1206
0578
4963
5426
0662
5662
7892
3763
7084
1211
4712
0581
9267
9331
7770
1155
5021
6131
6182
7439
0019
4386
6004
0411
9623
7558
7023
8736
9546
4508
7097
2438
0346
7002
3644
6454
7866
3646
8751
5519
7702
6517
4920
4454
5435
1766
7042
0886
7329
6588
5951
4768
1234
5151
7774
5612
0512
0707
4275
4431
9679
9449
9719
4385
2649
2405
1715
3604
8176
5978
5143
4499
4742
0197
5172
7407
0115
1024
3632
6134
3033
3176
4164
2786
5076
0103
5155
7350
0260
5663
5734
1008
7789
7125
7368
3861
1355
0514
2802
8238
5580
0174
5597
6198
0320
5090
3124
3188
6249
3337
9728
2785
5595
7138
7364
9837
8096
2100
6681
1239
6999
0198
6132
9199
9448
4844
3128
8853
7982
2529
2934
5066
9633
9638
9989
3099
6767
1343
4244
3834
5522
9654
2570
2835
4001
7122
3872
5879
6252
5568
4495
9547
4695
8632
3773
5001
0802
3601
2133
7897
8070
4016
6421
6252
1037
2432
7148
2884
0012
6634
2294
7388
5789
3631
8166
8230
9996
5433
9896
8148
5233
1185
7903
7770
1247
8846
2503
7304
1569
6166
2837
1208
8697
7493
2513
7422
3742
8308
7537
1805
5043
9222
7890
0912
2422
7815
2356
2375
4169
8161
5549
6380
0898
3933
8106
5644
9007
8824
8834
2730
8073
6970
0702
4457
7531
6723
3494
0254
4325
6504
5430
7692
2510
6374
1021
2457
2795
6008
0826
9552
5560
6248
2362
5833
9617
5944
7442
0606
0250
4673
8061
2460
9508
7363
8404
8286
5332
1649
7591
7296
3836
2056
7170
0899
9901
0520
2140
0743
7076
3123
9250
4452
0597
5522
5471
9051
3867
2378
5241
1100
1578
6119
6326
2196
8533
3190
3837
9944
2881
9529
8034
0630
4672
7630
7891
6844
1495
3394
5649
4013
7441
0252
2780
5593
3398
8229
6071
0782
4618
4039
2738
6785
8607
2600
8066
2495
8032
6821
3815
5276
2862
2165
4330
7495
8785
6532
5768
7332
6741
1360
4584
1647
5462
1574
7712
3403
8556
7139
6313
0162
2247
7737
2097
2017
8329
0940
2181
9425
2458
8455
2860
8318
3928
1879
6411
8658
2942
1972
1265
9640
5217
4651
8157
9968
1007
0703
9000
3475
3834
5442
8993
7057
7296
2054
9553
8482
1339
7139
3379
1134
8693
7366
9908
1907
5247
4214
6801
7095
2031
5420
5683
2364
0002
6446
1073
7415
6726
9026
6317
5527
4928
6379
6626
7892
2664
5580
1370
4696
2351
6290
4602
9025
8625
1177
4673
6722
2397
0529
7616
6052
5631
5480
9841
1910
0759
1539
9987
5756
0515
4331
9826
7718
7860
4474
9043
0907
7617
9439
4040
8867
9100
9181
3472
9366
2974
6194
6177
0175
4966
4776
5269
1275
2584
9772
3677
8976
0140
3107
6483
0592
3154
6813
8613
7642
6152
9088
4550
6167
9604
4509
4688
6759
1806
2025
6807
8704
1548
6172
9724
1535
9876
0048
6870
4290
5567
4356
1870
8946
4250
4165
2811
8814
7165
6408
8140
4025
9623
0071
1990
1898
4827
6262
5328
9990
4779
3096
9297
8603
8725
3434
3540
7517
1833
1066
4688
7475
4446
1536
9010
1300
7454
0525
9269
0766
4662
2246
2753
5263
8092
7445
1686
3256
2643
7122
3763
2836
4855
0662
9998
4771
1947
1678
9977
8499
8719
8118
7005
4256
1004
6930
1234
5781
9094
9428
3070
4265
2127
4276
0484
0603
5297
1480
9244
0309
1001
0689
4859
5815
4826
5495
7914
6277
4608
0175
7299
2126
2178
7170
0225
1299
5939
8804
5024
8646
3055
9821
2577
7449
3488
6364
5337
7105
8828
0880
7777
2341
4609
1415
4018
9709
4469
0339
3978
3073
3452
8831
8582
5825
5085
1270
7602
6099
9959
3087
7385
8593
5710
2780
0884
7301
9417
2617
5246
2900
2823
4885
7328
7850
1508
1660
1313
7790
5614
9002
1784
9378
1165
7773
2208
6234
7004
1273
7031
7255
1065
6738
0620
5818
0755
0225
6307
5451
8516
6919
1217
4636
2883
8036
9493
3492
1886
6474
7330
1700
9170
7769
7897
9046
1635
0765
4412
7016
8928
3386
4462
6073
4641
9953
3163
6347
7099
7900
2356
7754
3221
0569
5342
6881
4583
2935
2295
8563
0180
4453
0364
8920
6405
5558
8481
7145
9714
9076
8816
1229
0401
8205
4492
5437
9952
3650
0039
9426
8075
6362
3877
2335
4556
8581
8915
0751
6075
5695
1185
0721
2412
2215
4145
7800
3597
7330
9906
0584
1958
7660
9025
0582
3315
1318
3647
6257
4352
3613
7751
3491
0697
1444
9386
8034
4521
1716
0408
7301
0537
5594
2341
9452
3121
2254
9461
6023
8268
7101
4662
0645
5459
0276
7983
0837
7740
6547
6255
7697
4604
3342
0553
6021
9895
7880
2072
2924
1848
6016
2739
4799
6427
8246
8016
1250
3293
9828
5263
3119
6126
7267
1589
4157
3583
8248
4416
1143
6832
4853
1436
8893
6822
4547
5338
6819
4909
4167
0404
6042
5553
3620
2621
3530
4936
7331
0413
6783
1787
5099
2175
6780
1136
3134
8101
8256
3400
7525
7994
9255
6851
9231
1671
3413
2539
3292
8902
3333
3178
6850
9264
5404
0254
6680
7035
8412
8101
4243
0966
0307
9853
4881
4984
4030
0952
3470
6602
3496
8468
9129
4583
6591
1317
4707
4954
4871
3513
0497
5128
3649
9021
7107
3294
7109
6402
1859
2327
9039
6942
4500
5760
3450
6792
8124
7450
4865
9389
5888
2038
5518
1789
8263
6707
5728
1157
3376
4838
7637
0462
0132
8578
4965
5294
1174
8510
3051
1476
8539
1751
3388
8597
9584
2186
5868
4099
0820
7478
8633
5061
1080
4201
7086
8997
8307
1758
0189
6823
1009
7377
2435
3217
4513
9029
7075
9760
0869
2325
9117
9422
1447
3621
1379
8336
3386
5382
0795
5756
6349
0384
9618
2792
4657
4835
1115
3766
9882
8654
6334
1440
7086
9089
7530
5764
8646
8334
8179
0496
8073
8966
6723
8524
5779
2979
9465
2738
9792
9819
0991
9032
7493
2779
8718
6612
7579
2355
0583
6992
7840
9945
1896
0540
9131
7772
0653
3584
5287
5475
6358
2760
7001
4541
8418
2556
1384
3201
6912
8450
1717
1610
1889
7333
7104
9489
5111
0801
4468
3193
8806
6233
4324
9647
5106
8029
6352
5285
7158
1415
8374
4527
9113
6553
3811
5688
6743
8170
5304
4841
3828
0502
0559
7163
3027
7050
0414
5848
4429
8646
9506
0436
8531
8631
6992
8252
6846
5519
3834
0318
0879
0356
7379
1054
5328
2602
6144
5111
8080
0784
5732
8721
2081
2604
2972
2307
4972
4153
7351
6479
7492
7679
2993
1524
6044
0414
3947
8096
2555
3948
6656
8606
5776
7667
9996
2321
4241
9817
2175
2652
3234
9616
1636
2547
7542
3534
9104
5051
2958
6007
2891
0266
1306
9517
1633
0675
9830
2028
9511
6001
9448
0032
4508
5965
2873
6623
8113
3400
2398
9747
3002
2407
9268
3466
3921
4261
4501
6681
5033
6035
3825
5916
2352
1572
3768
4008
4307
5829
9577
6795
9647
8503
8291
8475
2706
5205
8358
8598
5064
8878
9213
3361
1610
9327
3012
4884
3607
7140
0847
1232
3741
4764
9827
1483
5326
5593
5222
1104
8425
3772
1723
1563
5053
1296
7433
9121
4156
3144
0847
0539
2609
4406
2386
3327
2094
9099
3933
4674
7673
7643
6682
8819
5248
6573
6712
5134
7997
8861
2345
6319
8878
5448
3911
2042
0950
7710
3609
1753
3925
9235
0956
8244
6958
8078
1232
8544
8274
0725
0565
3552
7393
9880
8794
7220
6519
6484
4914
9922
9563
6279
1275
8597
2428
9141
4569
7948
8214
7963
6163
8069
3810
4568
2280
1462
0177
4419
3688
9441
2114
6591
0333
1440
6680
3169
5428
2443
8642
1884
9001
2538
9708
5585
4026
5703
6637
1145
4864
6203
1134
3789
4854
0684
3233
8572
8930
6773
2892
0041
6608
8028
6938
3797
2947
8992
7142
0726
8592
1607
5550
6112
1481
6900
6760
0500
7776
8209
4935
9602
2842
1635
3530
0388
5739
7702
1969
5589
2806
1155
1419
8391
8230
4923
7411
8720
4662
8766
4353
7887
1163
4101
0233
5518
8736
1529
6385
7638
0943
1194
8466
5076
2829
1940
0673
6288
5704
9409
0905
1791
8370
1269
0906
8261
9432
9164
5158
3825
5215
9048
1130
2744
4077
7495
7675
7061
6376
7563
9971
1205
8411
3034
0501
9804
3272
1672
0058
7711
6362
8133
1465
0536
8046
7079
9167
2306
7228
4362
6455
9212
3872
2190
0351
0841
5870
4378
7256
7226
7887
6309
3160
0550
4416
6799
8938
2838
7755
7957
1113
0899
3726
6386
8209
9735
6110
3160
1090
0699
8964
7124
0611
6817
5418
9090
5213
5402
3718
1807
6608
9399
9685
1709
5594
8893
2756
8239
0772
3351
1779
3153
3601
7820
6926
1896
6359
6192
6660
6106
5881
2594
5801
3600
3799
6436
1310
1496
8728
4521
7518
4332
8879
9591
6514
8500
3495
1113
3837
2020
3901
6979
1796
7450
0914
7447
4951
5451
4996
2550
0710
1050
7556
0314
0768
1089
7759
1199
8966
8178
4667
1542
5656
9761
4004
5057
2734
2742
0373
7178
4965
8845
0621
9894
8364
3428
8763
2272
5618
0741
2823
9735
2048
6696
6173
6173
6119
1730
4614
7042
4943
0822
6234
5689
2557
2946
6065
0273
1081
1922
8090
8668
3798
7650
1538
6122
8022
9615
7258
3930
5363
4735
7450
7541
6951
2587
3646
6368
9594
4981
0525
0768
0764
9584
6618
2466
1681
9732
9071
5380
1629
7752
1748
2248
0680
9156
2018
2035
0242
8021
1460
2825
6661
1089
4349
4390
4246
0501
0863
8149
7345
0879
7452
6114
2827
5534
8441
3686
6852
7530
7184
8523
4376
0107
2279
3184
1460
7861
5082
4887
4623
9522
4073
6989
2230
9444
9720
7549
8195
2417
0132
6943
2124
4109
9227
1698
7839
8157
6164
8884
9348
5398
4038
0296
6279
3718
3721
1549
7382
9903
6408
0152
5639
4748
0628
9738
5257
0720
3456
0378
4400
7091
2405
4723
8559
0413
8994
2500
7238
2512
2319
0384
6772
9094
0199
6612
7502
2505
9000
6837
3183
8910
5491
0804
3710
3301
2765
9396
3426
6663
9758
0922
4393
6106
2552
2151
6807
5604
8782
3200
7495
5053
0359
6508
6404
7302
2053
2926
1106
4195
4324
8059
1239
4595
6951
6309
9530
8375
0525
3187
9416
5955
1616
3407
2624
1320
7519
2232
2795
8391
3790
9663
7132
9084
5902
4262
8069
9685
2130
1504
0893
5180
0685
3553
6048
7762
3888
1947
7598
8264
1060
5303
9464
1564
2033
3545
0715
0419
9680
3111
5697
7342
5584
8264
6724
3661
6461
9068
8023
7334
1222
4615
2239
7533
9035
3730
7294
8244
9344
0865
6368
4011
7305
8918
6142
2038
6902
8262
4028
9476
5685
8452
3241
5614
5693
4475
0784
9254
1508
3064
7022
3667
5308
1386
5564
2118
4226
8926
4207
9779
9553
1277
6015
8050
2444
2690
0259
0277
6521
0971
2315
5737
3518
5146
8683
4690
1488
5354
8974
8731
8444
5848
2573
3416
6462
1271
7524
1514
3619
0145
3511
9833
3213
6684
6649
2658
8276
2787
1772
5720
4674
0602
4803
7371
8725
8649
2859
3614
6593
3107
0425
2272
7259
1348
1164
5817
7745
1453
6473
4657
5816
7608
4712
2800
7509
5034
2424
2395
1787
2009
3747
9775
5489
0774
8151
1080
5654
3028
9297
2870
0747
8146
3818
9935
4636
6988
2010
3229
4199
3145
0277
0176
6236
5841
6298
4844
3449
3737
3097
3967
9152
9074
8301
4689
2791
7689
0003
4629
6891
8881
3072
4152
9101
4791
5875
3782
9807
3880
5009
1661
6502
6743
9926
1891
6631
0179
4615
0014
5896
3119
7904
6096
2309
9210
4399
9246
7751
7571
0717
7570
4102
5235
7131
8513
3549
5265
3827
2805
0943
4469
7513
9445
9110
5272
9302
9383
0225
6314
8567
8114
5072
3474
3392
9500
8331
8629
6157
2500
5229
6494
8807
2978
4323
4293
3800
6690
0249
1595
7518
6550
5934
0646
7134
1985
5191
4251
0057
4658
0616
9270
9114
1687
6877
9974
9399
4227
1202
1367
6964
8023
7427
8993
0931
0427
6632
7601
4925
9211
0805
3213
6123
9813
3791
9241
1133
3415
1919
2928
0491
6325
3480
7670
0561
9707
5371
5075
2187
3827
7859
4034
1815
7591
7325
0250
2447
0681
5203
2390
8456
5217
7748
1403
8380
1272
9320
4382
0390
7950
5112
2586
5906
8416
9323
4162
3764
1860
0400
0641
2099
5180
8536
2758
9906
9986
2946
8758
8709
4533
6974
5426
1353
9277
3049
8729
0536
2977
7886
3187
1012
6229
2385
0288
7124
0346
2241
6937
6208
9904
9323
5194
8065
1692
6074
1741
8062
4076
9273
9255
2603
5719
1591
0582
3746
9757
4360
0876
0406
1468
9397
3866
2093
9914
8886
3228
2473
9234
5342
7227
7803
6791
2950
0228
6224
3503
5354
8307
6214
4499
8374
7241
6547
8220
1602
3852
2574
6158
0962
3377
9458
2363
9639
6647
3529
8909
3740
8191
8631
1504
4498
7240
3953
0736
5194
9580
7452
1391
0778
9790
3614
9944
6092
8452
4047
9622
3661
2569
4108
1609
9604
3754
3039
4730
1023
1840
2130
1948
2647
7770
5124
4069
8923
8497
3904
1381
8105
8760
5985
5018
1037
7414
7229
1311
0690
8401
6360
7598
9996
1830
2048
6298
9662
6735
9800
9327
7255
4083
4447
2718
7177
9821
1386
8781
3697
8824
7614
2605
7005
2805
3352
6250
5213
2381
5788
2429
2986
3812
2221
3184
0663
6195
2598
0704
6985
0120
9385
5716
0406
8176
2832
9118
3642
9225
2094
8207
1510
3772
2227
5756
4598
8217
7117
7477
2237
6820
5615
8884
7964
8800
8388
7879
2379
3541
1458
3098
4614
7845
0905
6653
5582
0565
0848
6756
0534
1355
0258
0329
6674
7717
5693
7232
2052
2442
4917
6869
8469
6471
8597
3548
7894
9807
2807
0453
0357
7530
7180
0526
5561
3234
8140
2260
4870
8454
9283
1250
6655
2539
9949
7684
1991
6684
4856
2283
6289
0270
6078
7162
3712
0017
8031
9289
3427
3827
4502
3765
2469
5367
0226
9170
2758
7698
2731
3863
9970
5267
8143
6962
1086
9000
1509
9180
0743
6895
1752
9007
8282
6149
8288
6968
3966
9284
7313
4577
1198
4286
2643
8803
5005
3944
8047
9626
9445
3246
4030
1453
8181
9017
3543
1049
0837
8099
2250
8686
4530
5903
0739
8853
2051
7551
8042
9943
0036
3926
3940
0308
6355
0499
4964
6916
0779
5198
9240
5833
9255
4318
7452
4707
9207
1049
4441
8590
5001
1982
2070
4752
9724
4704
4443
4191
0779
8450
7644
2139
0400
7835
2907
7694
7640
5604
8003
4172
3969
7682
1415
3562
6667
0220
3672
6555
8719
3935
7884
7265
9660
8904
7107
0467
9167
3812
6210
3680
6446
5350
1985
8242
1669
5937
4130
7651
0803
4810
2144
6261
5279
7976
5976
8521
2275
7186
9248
6597
7017
8541
1796
8830
6422
2214
7163
2970
3909
7240
6527
7348
4962
4475
1139
0032
1007
4344
6458
2742
8707
5629
4066
1844
1019
9419
5469
8527
1380
7337
3565
6529
0404
1279
7047
3059
0883
2092
0610
3869
7162
2530
5188
7995
5331
1829
3834
4179
2543
0702
8546
0131
2747
3297
6986
2797
3143
9124
2361
4183
7771
8070
4020
5463
2082
8445
9159
4625
4651
0789
4090
7213
6738
2611
8462
7117
6633
3935
4735
6211
6161
9193
7400
3081
0637
4834
0686
9771
4507
3613
2079
0243
2682
4545
8561
5715
2650
8271
9791
0601
8780
3780
7761
0082
0629
3173
7905
2788
5981
3029
4078
2558
7880
6673
3937
1888
1234
2459
0348
1662
1259
7809
5389
3600
0033
5242
6391
6447
8500
1001
3019
2425
1498
8037
9561
4233
3795
3950
7233
8481
2065
9304
4600
7366
9742
7964
2623
6582
0087
5770
0002
1221
2485
7220
9717
4101
3078
1289
8017
0295
0415
8133
0610
0925
3598
1855
6832
1236
0658
6665
5604
3958
5256
5122
8767
8677
6880
7042
2855
8983
9658
9016
2722
9126
2139
7097
4311
7326
7214
4826
7919
7771
2575
1505
1198
6031
6062
5677
8016
4292
3520
8246
3770
6498
8478
9689
5005
9109
9094
4077
5277
7517
3341
7117
