1999
1998
1997
1996
1995
6553
3300
8364
3628
4055
2299
8231
4137
0725
0944
2923
7633
6448
6584
6675
3427
9760
1272
5913
3285
9838
6016
6611
1295
8909
1076
7669
6837
3445
2092
9045
2242
6621
5800
8227
6202
2014
1951
4616
9489
1383
4118
7442
9044
2209
0672
5409
1001
8079
0381
2846
8828
7033
6731
9051
5405
1458
2171
2385
4802
1101
5272
5507
4922
3774
1950
4720
6368
8912
1986
5773
6162
1250
5328
7501
1919
9539
9451
6468
5912
4158
4742
1708
5770
3510
0756
3058
6236
4963
9780
0863
8409
5654
9856
0152
2023
5762
5649
6751
1856
9491
3168
7510
7717
9250
6815
3948
3124
9086
8779
3863
4719
2140
7091
7397
0387
0427
2475
5488
4488
2016
7566
1106
4016
5979
8535
7983
1762
2041
5737
6624
8915
7903
9393
2465
4142
3785
7081
1234
2274
6119
3533
1528
3428
8710
7855
2337
0272
8981
5252
9879
3923
7521
6512
4716
2716
1588
0685
4930
9681
2693
5802
9232
5280
7734
0815
8006
9759
4767
1520
6012
4502
4904
1583
2344
0898
4306
8187
4140
5575
6193
8317
9621
1969
9810
1418
7929
5609
9182
0589
2892
2907
7627
9358
0120
7793
1624
0760
7179
3810
3671
2202
3184
5656
1478
3748
7429
0125
6683
4703
5602
8835
0195
7490
1748
4126
8785
2777
3993
2125
1316
2827
9984
9485
6051
7651
3874
4362
0025
9882
5172
3661
4277
7907
4935
5661
7831
1402
4197
2981
0416
3628
1339
7072
5123
0719
9640
1357
9632
0212
6774
1312
7030
3382
7206
6931
7394
0195
2184
0721
3923
1477
6915
3064
2900
4915
5202
0150
2379
6602
0447
2277
6253
1509
4851
1328
7355
3550
5125
0498
6680
9081
4565
6315
6101
9058
9253
0208
9592
1255
3798
2136
8546
8699
2172
3639
6720
0607
4687
4559
2113
1138
0279
9035
5851
8696
2046
7341
6767
5255
7899
4494
0620
0906
7776
9748
7267
0910
3355
7515
2573
2107
7083
0391
6052
8266
3285
7708
2813
1371
0753
9217
1273
6311
8308
7902
4571
6471
8249
9023
5409
9450
9380
3231
5200
5817
1100
2716
0383
8716
4409
5482
8923
7458
5876
9161
5329
9340
7868
5910
1217
6408
0169
9251
7916
5211
9954
5128
7363
7344
6230
6444
8717
9593
3277
5661
5260
7757
3043
5905
7441
7599
4323
2078
5443
4660
5663
7475
4871
0239
4999
3172
6380
9678
8813
0495
0220
0699
5322
9415
8584
3560
1736
5192
8851
4876
5176
4552
8082
6149
5343
2229
2656
6903
6312
5005
1487
1831
5496
0141
7622
3797
6798
6540
1170
1755
9094
2898
6213
4545
5592
8413
9325
6610
7245
2329
3705
5577
1096
8788
1401
7529
2668
5719
9215
1125
0178
8414
8886
2643
9501
3201
9974
9908
9271
7640
9863
6753
8547
1377
9384
6748
9419
7569
1608
0892
0505
6675
3479
0198
3953
5427
0806
8126
8554
7299
6448
1741
5596
2221
4236
7244
2573
8375
9519
2188
5854
4302
1481
1536
9022
3758
7377
0200
4653
4189
1874
3795
2170
3350
1281
5295
7967
1309
8003
6689
9692
7404
3342
8864
9234
1071
9345
2265
7463
0833
1099
2171
2309
3888
3134
4782
7164
6006
0643
9887
6952
6490
1830
1774
1994
0834
9467
4054
9714
4246
7802
9118
9814
9684
8633
6339
5569
3011
3319
3866
8617
3095
2270
5875
0161
4078
4119
4875
3302
6015
6246
4476
6811
8250
9806
4843
9169
3417
4855
2971
9722
0074
9629
2095
2493
5239
1110
5054
9420
6833
4399
0642
2413
9272
1300
9982
7257
9533
9426
4020
7616
3542
5441
5059
2910
0583
5175
6040
2685
1741
0935
6430
7707
7747
0065
3808
3465
7537
4609
7792
4275
7696
5921
5843
4279
1203
8555
6860
7035
2280
0428
4981
2291
9419
9006
7513
5106
9926
7780
5115
1070
1751
9660
2715
3121
1475
9041
9902
6038
5401
4561
7677
6859
2231
2872
0091
6112
7828
4947
2813
4143
2173
2137
9645
9984
6965
4546
1514
1657
8691
7963
7997
4050
7463
2185
8392
5966
9596
